0,3,6,10,17,23,26,32,40,42,47,49,54,56,61,66,73,76,82,87,99,101,112,113,115,117,121,127,131,132,136,143,152,156,162,164,170,173,172,174,180,185,188,191,194,193,199,206,207,213,215,217,219,230,237,236,242,247,252,258,256,262,267,273,273,276,281,285,289,296,314,311,312,318,326,325,333,337,343,349,351,359,356,356,360,360,361,369,374,366,373,378,379,389,388,388,394,401,400,406,409,415,416,423,426,427,430,432,436,444,450,457,459,466,472,477,486,491,492,499,506,505,510,512,513,517,520,525,527,528,532,530,532,536,538,545,546,548,549,554,560,
5,5,6,11,16,21,29,35,39,40,44,49,50,57,62,68,71,79,83,92,97,103,107,110,114,119,125,130,128,131,136,141,155,154,159,162,164,166,170,171,173,180,186,193,190,192,199,203,208,210,218,222,226,228,232,233,243,251,255,262,255,262,268,268,269,270,274,288,296,304,308,310,312,320,318,324,326,331,347,356,353,350,349,355,354,357,359,364,367,365,373,376,380,382,385,387,388,399,398,402,404,410,416,418,423,425,427,432,439,447,449,452,454,464,468,475,481,487,492,500,505,500,506,507,509,522,525,523,526,527,526,527,533,538,542,544,546,550,551,557,559,
6,9,10,12,17,18,28,34,39,42,47,48,51,61,63,67,73,80,84,86,92,97,102,108,113,118,120,125,127,134,141,145,148,151,157,163,159,160,163,169,175,184,187,188,189,196,202,204,212,216,223,226,232,234,238,237,242,245,247,254,254,255,263,264,271,271,279,282,289,302,303,309,312,314,315,318,326,331,344,348,349,346,347,348,351,361,360,361,363,364,373,373,377,380,384,390,389,393,394,396,406,408,411,413,419,420,426,432,436,446,450,454,455,462,467,468,487,485,491,496,498,499,504,509,511,516,520,521,523,524,525,532,538,543,543,544,547,553,553,556,558,
8,14,15,17,22,24,28,29,33,40,50,54,52,58,63,65,78,79,81,82,85,91,107,112,112,115,120,124,130,134,138,144,152,155,153,156,157,158,170,169,175,180,187,190,195,203,204,212,209,213,217,224,229,230,234,235,243,249,245,246,251,259,268,267,275,274,275,279,282,296,297,303,304,310,314,322,328,334,342,343,344,344,351,349,352,357,360,365,368,365,369,370,375,385,390,393,395,396,400,397,403,410,416,416,418,419,426,435,440,445,450,456,462,467,468,474,481,481,487,490,496,504,511,511,510,514,515,516,526,527,529,530,534,539,544,545,546,547,554,558,560,
21,18,19,22,27,27,31,32,34,40,46,53,57,60,64,66,80,84,87,84,90,97,103,105,109,116,122,124,129,134,136,145,150,151,152,162,164,161,164,166,168,185,183,188,190,197,200,206,208,209,211,220,221,225,227,236,243,243,244,248,255,266,270,269,277,277,278,281,286,294,299,302,305,306,315,320,328,329,338,342,337,341,348,354,353,356,358,366,373,368,371,372,374,382,388,392,400,398,405,404,407,415,421,421,423,425,428,431,434,446,448,453,459,473,470,474,476,480,482,487,491,502,506,510,509,513,515,517,521,533,533,531,532,538,539,547,550,553,555,560,562,
26,22,24,26,31,32,36,33,39,45,48,56,61,65,69,72,76,79,86,90,95,99,106,109,116,117,122,126,133,134,141,147,152,153,153,156,162,163,165,170,173,177,179,185,192,195,199,201,210,214,212,214,222,227,234,235,237,239,251,253,259,261,268,270,277,282,283,282,285,288,292,307,308,313,314,320,324,331,332,334,336,347,349,353,358,358,365,373,376,374,378,376,377,383,385,388,404,399,404,406,414,415,416,427,430,427,431,436,438,441,448,453,466,469,466,469,471,476,489,489,496,495,501,504,504,508,514,517,523,527,532,537,538,543,541,545,549,551,558,564,565,
25,23,26,29,31,38,40,35,40,45,51,57,62,65,66,73,78,83,89,93,98,105,106,113,120,119,125,126,133,137,139,147,147,154,155,160,163,168,173,176,181,185,184,190,192,194,197,209,217,222,218,217,224,231,235,242,245,247,249,257,260,265,266,270,273,290,286,285,290,295,300,304,308,311,318,325,326,330,337,341,342,350,355,356,363,363,370,377,379,384,383,383,378,384,391,395,397,401,406,419,419,419,417,419,423,425,435,440,441,442,446,453,460,463,465,471,474,477,482,488,490,492,495,502,503,509,511,517,519,532,537,543,542,545,547,546,548,550,552,563,565,
28,33,30,35,32,35,41,39,42,47,52,63,66,69,70,75,80,86,88,92,99,106,109,115,121,122,125,128,130,137,142,141,144,151,157,161,169,172,178,183,188,186,192,192,198,201,202,209,210,215,223,222,228,231,238,247,246,254,250,252,259,263,272,275,281,284,286,286,293,296,297,299,306,309,320,326,332,337,339,346,347,349,357,357,361,363,369,380,386,385,385,385,381,386,394,400,400,405,410,415,419,427,420,422,427,432,433,440,443,449,450,452,459,461,467,469,474,480,483,488,489,490,501,503,505,512,514,521,522,527,532,537,548,547,552,550,549,555,554,560,564,
34,39,34,38,33,39,41,44,47,49,53,59,61,65,77,77,78,85,87,94,96,99,103,111,117,120,122,130,132,135,137,139,149,157,162,168,170,173,177,183,186,190,192,193,201,207,208,215,218,221,226,228,236,237,239,245,250,258,257,258,261,264,268,277,277,282,289,289,295,296,297,301,307,313,320,328,330,335,342,349,355,351,357,365,363,369,376,378,379,381,388,390,397,393,395,398,404,406,407,410,412,423,428,428,435,438,434,442,447,449,451,458,464,464,470,471,478,479,485,494,494,495,502,507,507,511,515,519,523,528,531,535,545,548,550,554,552,554,555,556,560,
40,42,37,38,38,42,43,49,49,54,58,62,65,72,75,79,80,85,92,96,100,102,103,110,113,118,125,129,131,132,135,138,146,158,156,161,163,171,182,186,190,194,195,200,201,203,206,216,224,225,229,230,233,241,247,253,256,264,263,263,265,265,269,271,276,285,286,287,295,301,299,300,305,308,322,325,329,335,344,351,353,356,362,366,364,370,376,377,380,387,393,392,394,395,401,399,403,411,415,412,419,422,424,429,442,446,440,444,451,451,453,459,465,467,470,473,475,484,490,491,495,499,503,512,509,514,518,520,528,533,535,539,544,546,549,556,554,556,556,557,558,
49,48,44,43,47,45,48,49,55,57,59,63,66,74,76,81,86,86,89,92,96,103,104,107,108,117,123,124,126,128,135,140,147,152,154,163,170,175,177,184,190,194,196,198,201,207,209,217,224,232,237,234,239,243,244,247,263,265,265,264,265,269,276,275,276,280,289,293,299,304,304,305,308,316,323,329,330,342,348,355,354,355,358,361,368,369,374,382,385,389,396,396,398,402,403,404,411,414,418,419,421,423,425,430,449,447,444,451,452,455,456,457,461,467,474,479,477,482,484,485,497,500,501,507,518,519,525,523,528,533,538,543,549,547,551,554,560,561,562,560,564,
55,49,45,44,45,51,52,52,55,60,65,65,71,76,83,84,86,88,94,93,99,103,106,113,109,116,119,120,128,131,138,142,149,149,157,163,165,174,179,185,189,193,195,200,208,213,217,224,230,234,239,235,238,241,245,252,256,263,271,269,268,277,281,281,284,283,284,286,291,310,308,312,315,324,327,332,338,342,343,348,361,364,359,360,365,370,372,379,380,383,395,400,400,404,409,407,408,415,423,424,428,424,427,435,442,448,452,458,455,461,461,465,469,472,477,481,478,480,487,492,494,498,502,508,514,520,521,528,531,533,537,549,553,548,552,558,559,565,567,563,568,
58,53,47,46,46,51,57,53,55,57,59,66,67,73,78,81,87,93,96,100,103,104,107,109,112,119,125,124,130,136,139,147,151,148,153,157,164,170,176,183,182,186,194,195,205,219,217,225,231,236,241,239,240,245,253,260,260,267,270,271,276,279,287,289,287,292,293,292,296,301,309,315,319,327,332,341,343,351,350,356,354,357,363,362,364,365,368,387,383,389,393,395,402,406,408,415,416,420,422,423,426,431,429,434,438,445,455,461,462,469,465,471,471,478,478,486,484,482,483,489,493,501,508,511,512,519,524,529,535,537,541,544,549,554,555,560,561,567,568,567,572,
54,51,48,52,49,51,57,56,62,58,59,62,64,77,81,83,88,94,97,98,104,111,114,113,116,123,128,128,134,140,142,143,144,147,154,157,162,168,175,177,180,186,200,199,204,211,214,225,232,233,234,238,245,254,258,265,269,271,276,274,277,280,285,293,288,296,296,300,300,304,309,314,322,323,325,333,339,343,346,347,350,363,371,363,369,373,373,380,383,388,397,399,407,408,414,417,423,422,425,426,427,432,432,440,446,451,455,460,462,465,472,476,475,481,486,489,490,487,486,488,495,497,508,518,517,523,524,525,532,539,536,542,543,550,561,560,563,565,568,574,576,
60,55,49,52,55,57,58,61,64,62,61,66,68,72,79,86,89,93,96,97,107,107,110,116,120,128,129,133,139,147,148,151,145,150,154,157,169,170,171,178,179,186,193,200,208,216,221,226,228,234,237,240,242,250,261,263,271,273,282,280,280,283,292,293,301,299,299,308,303,311,311,318,320,322,326,333,337,341,351,349,357,364,366,368,374,380,382,389,387,388,390,396,402,413,421,421,422,426,430,431,430,434,436,441,445,446,459,459,457,465,470,478,484,485,486,488,492,493,488,491,495,498,506,518,522,524,530,528,531,532,534,540,548,551,554,559,564,569,573,579,577,
62,57,51,55,59,63,60,66,66,66,64,69,70,74,80,87,92,96,97,98,100,105,112,118,122,130,130,134,142,143,146,153,146,153,159,158,165,173,171,174,182,184,196,208,215,217,220,221,230,237,243,245,245,249,255,256,269,278,280,285,287,286,289,294,302,303,312,310,319,315,314,316,325,329,335,336,343,343,351,357,366,368,375,375,381,383,390,395,394,392,391,395,399,407,417,418,421,429,430,432,438,437,441,443,444,447,451,454,456,472,477,477,481,486,490,490,494,502,495,492,493,499,504,520,517,521,523,526,531,539,535,541,548,554,557,560,563,567,575,577,583,
64,63,58,56,62,64,64,68,72,72,65,68,72,75,81,87,88,91,104,104,104,106,112,113,124,129,134,136,143,144,145,151,147,152,155,161,167,169,170,175,186,192,198,203,207,212,225,230,234,235,242,247,252,256,263,260,264,270,274,282,287,288,297,299,303,310,315,318,319,320,321,325,333,334,342,343,351,348,354,362,371,370,371,375,376,391,396,396,398,395,392,401,407,410,415,417,418,431,439,435,438,444,443,444,446,451,459,459,459,465,471,472,484,490,494,498,500,505,504,498,500,506,509,514,515,516,530,531,535,536,540,544,545,552,561,560,565,572,578,578,582,
69,64,61,59,64,66,73,69,75,75,76,70,72,79,84,89,95,96,99,103,109,112,120,121,124,127,128,136,149,150,150,154,154,156,163,165,173,176,175,182,186,187,191,211,216,218,222,225,227,237,246,244,253,261,268,266,269,272,273,276,289,289,292,300,301,313,320,323,323,321,325,328,331,340,347,348,355,350,358,359,366,371,373,382,385,386,391,396,407,398,401,407,413,411,415,424,424,428,437,439,446,452,444,445,450,451,453,460,460,464,471,478,478,484,486,494,508,510,502,500,502,503,504,515,514,517,524,529,532,542,545,546,547,554,559,559,565,570,572,580,581,
72,66,64,63,66,71,76,73,77,80,80,75,74,76,79,86,98,100,104,106,112,114,116,127,125,133,136,137,144,150,154,156,155,162,167,167,172,179,182,186,191,190,195,204,209,226,230,229,230,232,238,240,256,259,262,266,278,276,280,278,285,288,295,301,307,315,319,324,330,329,327,333,334,343,349,353,358,362,359,368,374,375,380,383,389,394,396,401,410,417,412,408,415,414,420,425,425,427,431,438,443,445,448,451,452,458,461,461,468,468,470,472,477,487,491,496,500,508,507,508,505,506,509,510,513,519,525,531,537,544,550,549,548,553,555,558,568,570,577,583,582,
76,70,70,71,71,78,82,75,80,86,84,80,76,80,81,88,95,96,109,113,112,115,123,124,126,133,140,140,141,148,152,160,160,166,174,171,179,187,185,187,189,191,198,207,214,217,225,232,235,233,242,249,250,259,265,265,270,272,274,283,288,296,296,297,305,311,313,316,325,323,328,335,339,344,346,353,360,369,362,366,369,370,383,385,387,393,394,402,406,408,414,416,416,421,421,426,429,436,433,438,442,449,454,459,457,462,463,468,472,471,478,480,478,484,489,490,508,516,512,511,513,511,511,513,517,520,527,533,538,540,544,547,554,559,561,563,568,569,576,578,584,
77,74,78,77,78,83,83,90,84,90,86,84,82,82,83,85,91,95,109,106,106,114,120,125,133,137,140,146,142,146,152,158,171,170,172,173,181,194,193,193,191,197,199,207,213,224,228,236,236,236,237,244,245,256,257,262,269,274,281,290,289,297,304,298,301,303,308,319,319,322,329,335,347,347,351,354,356,364,367,371,377,375,378,384,385,398,398,407,415,415,423,420,421,430,428,432,437,437,438,442,450,456,458,462,465,465,467,469,473,474,481,488,482,487,490,494,508,513,519,512,516,518,513,519,519,524,529,534,539,545,548,549,551,553,554,563,567,571,574,577,578,
81,80,82,83,84,89,90,92,88,89,89,89,87,84,90,88,90,96,102,99,100,107,112,125,126,132,134,142,147,150,157,160,167,172,179,180,187,185,191,194,199,198,199,202,211,226,230,230,238,239,241,243,249,250,266,270,271,280,286,289,292,300,306,307,309,309,310,312,316,324,329,334,342,348,350,359,364,366,375,375,378,383,387,390,393,398,400,405,423,420,421,425,424,428,437,440,438,441,441,448,456,465,463,467,473,470,479,474,475,479,485,491,487,493,498,501,505,511,513,515,517,520,527,523,520,521,528,534,535,541,543,546,556,558,561,562,563,564,573,579,580,
83,86,92,88,91,93,94,95,95,95,91,96,89,90,92,92,91,94,97,98,105,113,115,118,121,129,132,136,141,146,154,161,160,165,174,174,182,179,185,186,195,199,203,211,213,218,226,227,238,244,243,250,251,253,257,262,266,286,287,292,301,303,307,311,311,312,314,319,318,322,325,328,349,357,354,355,358,366,376,381,383,387,388,391,398,406,402,410,416,425,423,426,429,435,437,444,445,450,459,454,455,464,470,473,482,479,487,481,481,484,491,493,499,499,505,508,513,517,519,523,525,523,528,528,525,524,527,532,534,539,545,546,549,551,555,568,569,567,571,578,582,
87,92,97,98,97,96,100,96,100,96,99,95,90,92,98,95,96,97,100,101,105,106,110,120,123,127,131,133,140,152,153,159,156,161,166,172,173,176,179,185,199,202,207,216,214,218,225,228,236,241,250,259,253,258,266,263,270,277,286,298,304,308,313,314,315,316,317,323,320,324,326,332,357,360,357,361,361,370,379,387,388,393,396,393,400,407,409,417,425,430,426,427,430,433,440,441,445,448,459,461,464,468,469,474,477,489,489,487,482,483,484,486,495,497,505,511,516,520,523,528,533,528,533,529,533,530,529,530,531,538,540,542,549,556,560,561,568,571,575,576,577,
96,93,94,99,100,101,101,103,101,102,100,96,95,99,101,102,99,104,104,104,110,112,113,114,116,121,129,132,137,144,145,151,152,162,165,166,172,181,181,187,194,203,215,213,218,216,225,226,230,240,248,256,261,264,265,264,266,274,280,291,299,303,311,316,319,321,323,332,323,325,330,339,354,363,365,367,370,377,384,390,392,397,404,399,404,412,411,420,429,432,433,430,433,434,435,442,450,454,455,462,463,471,475,480,479,484,486,489,490,487,489,492,493,494,497,511,514,516,518,526,527,531,538,543,535,534,535,534,532,536,539,540,551,553,554,557,562,569,582,582,584,
96,94,96,103,105,108,105,110,106,111,104,97,102,104,108,109,117,112,105,109,110,117,114,115,116,123,125,133,134,136,144,145,152,154,166,169,176,177,179,182,191,199,206,209,214,215,228,232,232,241,246,250,269,273,274,268,269,271,280,283,307,306,310,317,322,323,330,339,337,329,335,343,346,355,370,373,374,379,388,393,410,401,403,405,407,409,418,423,434,441,445,438,440,440,442,448,452,460,464,470,465,469,474,475,481,488,490,498,497,491,498,500,496,501,503,509,511,513,523,531,534,538,540,541,538,542,539,534,533,539,544,542,544,548,552,563,566,573,577,578,580,
98,101,98,99,100,101,107,113,106,104,101,100,107,109,111,114,121,127,125,118,114,122,120,123,118,123,124,127,141,138,143,147,151,162,167,174,174,175,177,185,199,206,204,212,219,221,229,232,235,239,246,251,270,275,281,278,277,278,284,292,300,302,308,325,328,325,331,340,337,334,340,348,355,362,365,370,374,384,387,396,404,409,408,415,411,414,421,428,437,443,445,447,446,449,451,451,453,455,461,477,470,472,480,480,489,489,490,494,497,496,501,504,505,503,509,514,513,518,524,531,538,544,543,546,542,545,539,538,537,543,550,544,547,551,554,563,570,569,573,574,579,
101,106,100,104,101,102,108,112,109,108,108,107,114,120,113,117,121,127,123,121,120,121,127,124,123,131,129,130,138,142,148,155,153,155,162,167,170,177,182,188,200,201,202,206,214,223,225,228,237,243,252,258,267,267,273,277,286,285,290,292,296,301,310,317,326,334,334,338,342,341,342,347,349,353,365,372,377,382,393,395,401,408,414,418,416,423,428,431,437,439,447,456,463,465,460,454,460,456,465,473,476,478,483,487,489,490,491,500,500,503,503,510,508,510,514,522,520,521,527,535,531,536,543,548,549,549,542,541,546,550,549,545,550,557,560,561,563,564,571,575,576,
103,104,102,105,103,105,107,112,112,114,112,118,122,126,119,122,123,130,131,128,123,126,130,129,131,136,132,135,144,150,157,159,161,156,157,163,165,186,185,193,201,199,201,210,215,232,234,230,238,246,255,262,260,263,272,274,283,293,292,300,303,305,309,311,318,326,330,335,339,347,344,351,356,361,363,366,375,387,389,391,399,409,418,422,426,430,432,436,443,447,451,453,458,460,475,468,467,465,473,481,487,480,489,495,497,495,494,500,509,506,510,517,523,527,531,524,526,522,524,527,529,543,544,548,554,550,547,546,552,556,553,560,557,561,561,566,570,566,569,575,582,
112,111,110,108,106,112,109,115,113,116,117,124,130,126,121,123,128,130,132,132,136,134,135,137,141,144,137,136,144,150,159,167,161,160,165,168,170,177,182,184,192,197,206,215,222,229,232,238,245,249,250,253,255,257,272,277,283,286,300,307,310,308,313,315,317,319,325,344,347,349,346,349,351,354,365,374,374,382,389,395,404,407,414,420,433,440,436,444,445,453,453,457,460,466,475,473,470,467,471,480,482,489,498,505,502,499,499,501,505,508,512,521,528,533,538,530,536,534,531,531,532,539,543,547,560,557,555,559,557,561,558,565,561,565,562,563,564,570,573,574,581,
125,118,111,110,112,114,110,114,119,118,126,129,130,132,130,129,130,138,136,141,140,142,140,145,144,145,153,153,148,154,158,164,169,164,168,177,179,186,185,189,191,194,199,210,214,221,227,230,236,241,247,258,260,266,270,277,282,290,294,299,303,313,319,321,325,325,333,337,345,352,358,357,358,356,360,368,371,386,389,396,399,410,417,421,424,439,441,450,454,461,456,465,469,471,477,478,479,481,473,475,476,480,496,499,505,503,501,506,506,510,517,519,525,527,536,531,540,538,534,533,540,547,549,548,556,562,567,563,561,569,566,571,568,566,569,564,568,573,576,577,580,
120,117,113,116,115,117,112,113,118,125,130,130,133,138,135,134,138,145,142,147,144,144,141,144,150,147,150,154,157,163,160,169,175,183,177,182,180,185,191,195,193,194,202,205,220,223,225,228,242,245,249,256,263,267,278,280,287,289,293,303,307,312,318,323,329,330,335,340,346,358,360,359,364,360,364,369,376,392,396,400,402,405,412,419,426,435,437,441,458,464,469,473,476,476,483,483,486,478,476,482,485,485,490,499,503,519,522,514,512,512,518,522,524,532,536,545,548,542,535,534,542,546,550,555,558,565,569,568,563,566,567,573,581,580,573,566,567,572,575,582,583,
123,116,115,120,118,123,125,118,122,127,132,136,135,138,143,135,138,141,147,151,146,150,147,146,155,154,157,162,160,163,161,165,169,178,182,191,199,194,192,194,197,202,211,207,216,225,227,231,233,240,245,259,262,270,272,282,285,290,296,309,310,313,318,326,333,334,341,345,353,359,362,364,373,366,373,378,383,392,398,406,411,408,415,418,422,444,445,446,452,455,464,479,484,485,486,489,489,482,484,489,489,488,489,494,502,510,513,516,514,518,522,530,529,531,540,545,549,549,553,555,548,547,554,555,563,567,568,574,574,573,571,574,580,584,578,572,572,574,578,585,582,
120,117,122,121,125,129,127,125,126,132,138,140,138,143,149,145,144,144,152,157,155,157,153,148,155,156,163,167,176,171,164,172,176,177,182,187,195,199,194,196,204,204,210,216,220,224,229,235,237,242,249,256,269,278,277,279,287,292,305,307,311,315,325,330,338,342,350,349,358,362,369,375,384,389,381,380,384,392,395,412,419,412,416,421,424,447,450,452,457,464,469,474,482,485,492,495,497,488,491,493,497,495,491,493,500,503,514,520,528,521,525,531,538,533,538,541,545,557,560,562,556,550,555,560,565,568,572,576,581,574,576,579,582,585,583,583,577,576,577,579,580,
125,121,122,122,123,130,131,130,133,140,142,143,144,148,151,149,150,148,152,160,165,160,158,153,161,167,171,174,178,177,184,177,184,181,185,186,192,205,198,201,206,208,217,218,223,232,236,243,241,250,257,264,268,271,274,286,289,292,301,311,320,321,323,331,338,345,352,355,361,367,372,384,393,394,389,384,392,400,402,404,410,414,420,427,432,438,443,449,465,469,473,477,480,489,498,497,494,492,500,509,507,500,495,502,508,509,514,523,531,529,526,535,536,534,541,550,553,562,564,567,560,553,560,566,572,573,577,578,585,580,579,585,584,590,591,584,581,582,578,582,583,
130,123,129,127,125,127,131,135,152,144,147,149,156,151,151,150,158,155,154,161,162,167,163,171,163,168,169,171,182,181,188,180,185,190,194,194,200,202,211,207,208,213,219,225,231,239,245,251,243,251,256,259,275,276,283,288,290,295,307,311,317,324,326,330,335,342,351,359,365,373,378,386,390,398,404,407,400,407,410,411,413,418,425,427,434,442,450,455,459,466,470,483,482,485,489,493,498,505,505,510,511,509,501,508,513,517,522,523,527,530,534,542,539,540,541,546,551,564,569,568,562,564,564,565,568,574,578,580,584,592,591,586,589,591,590,585,588,584,582,584,585,
136,136,130,132,127,128,131,137,145,146,150,155,160,158,158,156,158,165,162,163,164,172,166,167,166,167,174,179,187,188,193,189,193,192,193,197,200,210,216,213,212,214,218,227,234,242,244,248,257,254,256,259,267,278,283,291,293,295,301,304,320,326,335,333,336,343,347,356,367,376,383,386,390,397,415,410,403,407,412,418,417,425,433,430,432,438,444,456,464,471,479,486,485,492,497,496,499,503,508,517,520,516,516,510,513,516,519,529,536,536,543,551,542,544,544,552,554,559,566,575,567,573,570,566,574,578,585,582,586,592,597,589,595,593,595,589,595,588,583,587,592,
140,135,134,135,133,129,131,135,143,152,157,163,163,169,164,160,159,165,169,170,165,171,173,176,172,171,178,186,194,192,199,205,200,205,200,202,207,215,222,222,220,221,220,229,236,241,247,248,254,257,263,261,264,273,277,299,299,304,306,313,321,330,333,341,341,345,348,352,368,377,382,390,393,401,410,415,412,416,418,425,424,432,436,439,435,438,447,451,461,470,472,479,488,491,498,502,502,505,510,514,523,523,518,518,515,518,520,528,542,543,544,549,551,551,550,551,556,559,568,569,568,570,575,571,577,585,590,591,590,597,603,596,601,594,600,593,599,592,591,589,596,
141,140,138,139,135,132,138,139,147,148,155,165,166,170,168,167,167,170,175,172,170,179,186,181,182,180,183,186,190,192,203,205,204,212,207,210,215,222,229,224,231,223,226,231,238,239,242,245,251,256,259,261,263,266,276,291,295,303,306,312,320,327,338,341,350,350,355,356,365,373,381,396,396,404,410,414,433,425,424,429,435,439,441,444,439,443,447,455,459,472,476,479,482,484,505,508,511,508,513,516,525,532,525,522,517,521,523,528,537,543,550,550,551,553,555,558,564,562,566,574,572,576,585,578,579,587,590,592,597,603,609,604,597,595,601,606,604,597,593,591,597,
145,144,147,143,138,137,142,145,149,155,157,162,164,166,174,168,173,176,179,186,188,180,185,187,185,181,188,190,197,197,199,208,216,214,211,215,222,226,232,230,239,232,228,232,234,237,244,246,248,252,257,269,268,275,280,286,294,303,311,317,323,327,333,345,352,356,362,364,371,377,383,394,399,403,412,423,442,433,427,436,443,444,450,448,443,452,455,460,464,472,476,478,490,489,498,505,510,512,515,524,532,532,530,531,525,529,526,533,539,544,559,551,560,562,565,566,568,568,575,575,578,583,584,585,582,585,587,593,598,602,605,609,601,606,609,612,606,602,599,593,597,
152,148,154,148,141,142,149,152,155,162,161,168,170,173,173,170,174,175,176,180,183,189,193,192,189,191,196,195,204,203,200,207,213,215,236,243,240,231,234,235,243,249,241,237,239,245,246,251,254,254,260,268,276,280,289,292,296,300,306,320,326,329,338,353,360,361,368,372,374,380,384,387,402,408,416,424,433,450,452,443,447,448,457,453,457,458,463,469,471,480,481,484,488,492,500,510,510,514,516,518,531,536,540,535,541,533,530,538,544,551,561,558,563,565,574,567,574,572,577,581,582,584,586,586,584,585,586,588,603,606,606,609,603,608,610,614,610,602,600,607,603,
157,149,147,145,142,145,147,154,160,163,164,171,171,176,174,177,176,182,181,181,182,188,194,196,196,195,197,196,199,208,204,205,214,216,232,238,244,237,237,242,245,249,249,240,241,249,251,257,259,258,263,266,275,285,292,297,304,309,314,320,324,333,343,347,355,360,372,381,377,385,389,394,402,405,413,424,433,441,446,448,450,458,459,456,465,467,467,470,473,480,485,493,493,494,496,503,507,516,522,524,529,537,542,541,543,541,543,543,550,554,555,565,567,569,575,577,582,590,584,586,590,587,593,591,591,587,593,591,598,603,610,610,609,609,615,609,607,603,604,608,606,
155,154,154,147,148,152,152,153,157,161,175,178,179,179,178,179,184,191,189,182,187,188,190,198,200,200,202,205,201,203,209,207,213,218,223,240,246,243,244,247,251,256,252,243,249,253,255,257,260,267,268,275,283,288,294,300,306,317,320,324,332,335,350,354,362,364,371,376,379,388,391,399,407,412,415,420,429,433,449,457,459,466,468,464,473,476,481,473,478,481,488,495,498,500,500,506,511,520,527,529,531,539,541,548,545,553,545,551,558,557,561,564,571,578,584,578,580,586,592,593,591,588,596,600,600,593,593,592,598,601,608,611,617,614,615,617,615,611,610,609,608,
159,158,154,149,153,160,156,159,160,163,171,173,180,185,185,182,190,199,196,191,196,190,197,204,203,202,208,214,206,211,211,215,217,224,230,234,242,250,250,250,252,260,254,258,259,257,259,266,266,270,271,274,277,281,298,304,309,317,326,327,332,335,342,354,362,365,369,376,382,389,397,401,408,418,419,426,435,437,440,449,458,475,472,475,481,489,483,480,486,490,492,496,502,507,503,511,519,528,530,534,540,545,549,550,548,555,548,550,559,561,567,572,575,579,585,579,587,592,594,595,591,589,598,605,599,598,597,596,601,602,609,619,625,621,621,621,622,616,613,612,613,
162,161,159,156,159,163,160,166,161,169,177,175,177,179,180,187,189,195,204,206,198,197,198,199,204,212,210,217,215,214,214,219,223,225,227,232,250,254,263,256,256,262,262,267,264,260,265,270,273,273,274,280,283,284,293,302,308,323,331,332,337,342,347,351,356,364,375,378,382,385,393,410,414,422,422,429,433,436,447,454,462,467,477,481,490,494,489,487,490,493,496,505,510,515,511,519,524,526,540,548,547,548,551,554,555,554,551,558,566,569,570,576,582,582,585,580,582,591,593,594,595,597,601,603,604,602,598,599,601,606,615,621,623,625,628,627,629,627,621,614,619,
163,164,161,165,164,170,173,167,163,168,175,183,178,183,185,186,187,189,201,202,207,198,204,203,207,209,210,216,219,220,217,221,229,230,234,238,247,251,259,262,258,261,269,269,270,266,274,276,280,282,282,287,286,293,296,305,308,322,335,336,343,349,356,354,360,368,377,383,391,391,398,407,411,427,426,431,434,439,451,457,463,470,481,486,491,494,492,500,503,501,505,508,515,522,531,528,532,534,541,543,552,556,556,558,565,558,561,561,564,571,577,583,587,589,586,592,583,585,590,598,603,599,603,608,613,604,607,600,607,614,620,622,626,640,634,634,630,624,622,627,623,
168,167,166,168,167,169,176,172,177,173,176,184,184,184,188,188,192,194,195,203,205,214,206,205,213,216,213,215,221,228,229,226,231,239,243,242,247,254,256,266,261,263,266,273,275,284,279,282,290,290,290,291,295,298,301,305,314,317,336,342,346,354,363,360,364,370,373,390,399,396,405,413,417,424,428,437,441,448,457,464,469,476,479,482,487,495,496,499,506,510,515,512,521,526,535,534,538,538,541,546,550,566,561,567,568,564,564,566,568,577,585,586,590,595,593,595,587,594,599,605,608,606,612,610,612,613,611,608,609,614,621,623,626,633,632,636,633,628,628,629,628,
171,168,171,174,179,171,175,175,179,178,183,185,185,191,191,193,197,196,201,205,210,211,212,211,218,222,216,224,230,231,234,235,234,239,243,247,255,258,265,270,270,266,270,277,286,290,284,289,298,304,298,295,303,312,307,312,318,325,332,340,344,359,364,367,368,373,377,386,395,402,414,419,426,431,433,438,445,449,463,467,472,480,487,490,491,499,504,505,508,515,521,521,526,531,540,540,547,544,549,555,554,560,569,578,575,573,569,578,571,576,583,589,598,603,598,601,592,597,601,605,615,614,617,612,614,620,620,616,612,619,627,627,627,629,631,636,637,631,638,632,640,
172,174,174,178,179,175,178,176,184,180,183,186,190,196,198,196,203,203,209,211,211,216,213,216,220,228,224,230,238,233,241,240,240,246,250,259,262,264,269,276,274,271,278,282,288,295,303,312,304,305,301,307,312,318,316,320,327,334,337,345,349,358,364,372,374,379,382,387,393,399,419,425,434,435,441,443,450,458,463,471,479,489,491,497,499,504,511,513,514,521,525,527,529,538,546,553,560,556,553,558,563,565,568,577,579,579,572,574,579,579,586,588,593,612,613,606,606,598,599,601,609,620,621,627,621,622,619,615,614,620,624,631,633,634,638,644,643,635,642,639,644,
179,182,176,178,179,180,179,187,192,191,187,192,196,204,204,206,211,216,212,220,213,220,222,225,225,231,232,236,242,241,248,253,247,250,254,256,263,265,273,280,280,279,286,288,296,299,305,308,313,311,305,313,315,321,324,324,332,338,341,349,353,361,366,371,379,384,391,396,398,403,412,419,439,443,447,447,451,455,461,476,479,486,491,500,506,512,520,519,522,530,532,541,532,538,543,551,565,563,562,562,567,568,572,580,582,586,584,582,589,587,592,593,602,609,616,612,607,607,600,603,608,613,626,631,628,630,622,621,629,625,632,638,638,641,642,647,650,650,645,653,646,
182,188,182,182,182,190,185,192,197,199,193,197,201,209,210,208,209,213,219,224,226,222,223,224,228,237,236,245,250,255,253,258,265,259,260,259,264,271,275,288,283,287,292,297,305,303,312,312,315,315,312,318,320,329,334,342,341,344,348,356,361,366,373,379,387,393,400,400,402,411,416,420,440,444,449,454,460,461,465,470,475,479,495,499,505,509,529,531,530,539,545,544,540,543,549,554,561,569,569,566,575,572,579,585,591,594,586,585,588,589,597,597,599,604,607,617,611,611,605,612,615,617,624,629,629,625,623,629,638,629,631,639,646,643,648,651,657,649,647,651,653,
193,192,191,190,187,188,193,199,199,199,194,195,200,209,211,216,215,214,215,218,223,224,227,230,231,232,237,243,257,262,255,263,265,272,268,263,272,275,277,283,287,292,296,305,308,307,314,318,321,323,332,325,331,338,339,343,350,349,357,365,369,370,377,381,389,397,401,408,411,419,422,426,434,442,448,466,464,470,473,474,479,487,491,495,504,517,526,531,534,545,551,549,555,552,555,561,570,575,572,575,580,583,587,593,597,598,592,592,590,593,599,599,602,605,613,619,620,616,611,616,623,618,620,623,629,629,628,629,631,635,632,638,641,645,656,655,659,654,653,657,656,
194,195,196,197,194,191,197,204,205,201,201,198,199,208,214,216,222,215,222,220,221,223,225,231,232,241,246,248,256,260,261,265,270,274,275,267,275,279,279,285,288,294,304,310,317,323,318,327,330,330,337,332,336,339,345,348,357,355,363,369,378,377,383,389,398,402,409,414,420,424,429,435,442,450,456,461,470,477,480,480,484,492,499,503,507,512,519,539,540,547,554,558,559,555,559,562,567,572,579,588,585,592,591,593,601,606,601,604,596,595,603,606,609,613,615,622,621,619,624,623,627,624,627,626,632,631,633,634,639,637,636,641,643,650,658,656,663,661,666,665,670,
201,197,204,209,202,194,201,205,212,209,207,200,203,212,213,215,228,222,225,227,224,224,225,229,234,240,245,250,261,264,268,269,278,283,284,285,277,284,286,290,296,300,308,313,322,325,321,324,332,341,345,336,341,345,351,357,361,366,370,375,383,381,389,398,405,412,415,418,427,428,433,440,448,454,459,468,475,485,489,487,488,493,499,503,511,520,525,534,538,542,561,560,565,571,575,570,571,574,580,586,589,597,594,597,601,609,617,611,603,603,607,612,613,619,622,631,626,623,625,629,635,637,631,627,635,633,639,635,642,642,640,648,648,655,658,666,668,667,674,666,673,
202,202,210,205,199,196,204,210,216,210,207,205,207,211,214,221,229,233,234,229,230,230,233,233,240,243,252,257,263,265,270,273,277,279,283,288,282,289,296,298,303,305,313,316,319,330,324,327,333,339,348,347,344,348,352,356,370,375,378,382,386,393,394,398,405,412,423,425,430,434,437,444,451,456,465,470,477,481,495,502,497,500,505,507,512,516,525,541,543,545,554,557,562,577,577,574,576,577,580,584,593,603,606,603,610,611,618,620,616,612,610,615,621,628,630,632,632,625,630,637,640,638,633,633,636,644,647,644,644,649,653,652,654,657,660,664,674,676,680,685,677,
208,204,205,208,202,210,205,213,216,218,213,219,213,214,219,223,226,231,235,242,233,235,238,238,243,247,256,259,263,273,278,276,285,287,286,290,284,291,299,307,306,309,318,322,328,331,338,331,337,342,350,355,350,352,359,360,368,376,380,390,391,400,402,403,408,414,421,432,437,445,442,449,453,459,474,474,483,489,494,503,510,507,510,515,518,525,532,538,543,548,560,565,569,573,577,578,582,580,584,592,599,607,609,612,615,613,622,629,624,619,614,623,626,632,640,637,638,641,639,640,642,646,651,648,639,642,646,647,650,656,656,653,661,659,661,662,668,673,683,691,684,
210,217,213,212,207,209,211,218,219,217,216,219,221,221,227,224,229,234,243,247,249,247,242,247,246,255,262,268,265,273,278,284,293,291,290,299,301,299,307,313,316,322,321,325,332,339,342,337,342,346,352,363,354,358,364,366,375,382,388,393,396,400,409,409,414,418,427,434,439,451,449,454,460,465,470,479,483,496,498,507,514,511,517,523,522,527,533,540,547,553,562,568,576,582,583,589,590,584,588,593,600,615,616,624,619,617,626,630,631,625,619,626,635,636,640,639,644,650,644,647,648,654,656,652,648,645,647,651,653,657,659,654,657,661,662,669,671,676,682,686,686,
211,213,218,214,215,213,218,222,222,223,223,226,229,226,235,230,232,238,242,244,256,254,252,254,253,255,262,264,273,276,285,289,293,297,297,301,306,302,307,316,321,324,325,329,338,344,351,343,346,355,359,363,369,366,371,375,384,389,393,397,402,404,411,414,422,422,431,438,443,458,465,463,464,473,475,481,487,495,504,511,520,528,537,535,529,534,537,541,548,556,566,573,578,584,587,593,595,600,592,599,605,608,622,627,634,634,628,632,629,627,629,628,637,645,647,642,644,648,647,648,649,653,658,655,654,654,656,652,658,662,661,664,659,666,666,671,675,679,686,693,691,
214,216,220,216,222,220,226,223,226,229,234,235,233,234,234,233,237,239,242,250,255,257,254,261,261,263,268,267,275,281,288,297,300,303,310,306,309,307,314,319,326,332,332,333,342,351,354,361,355,358,362,369,374,374,375,381,389,395,398,402,410,412,417,424,428,426,431,437,446,463,469,467,473,477,479,485,493,498,511,519,523,528,545,542,551,542,542,545,549,554,559,577,585,592,593,601,604,604,595,600,603,610,625,634,641,634,631,636,634,634,633,634,642,650,651,660,651,656,656,649,655,660,665,656,663,660,660,656,658,667,665,663,662,669,670,677,679,686,693,699,698,
224,221,219,218,226,226,232,231,233,235,241,240,241,236,235,241,241,245,251,252,254,263,262,262,264,265,270,271,277,285,289,299,304,311,315,313,311,318,319,327,330,335,341,341,345,352,356,366,361,362,367,371,377,381,383,389,394,400,408,411,419,420,425,428,436,434,440,442,451,458,467,472,480,483,485,494,499,504,509,514,523,537,545,548,555,549,546,550,555,559,568,573,582,586,604,608,613,608,600,607,609,616,622,629,645,642,639,640,639,642,639,636,644,650,656,666,659,660,661,653,656,662,668,660,662,668,666,661,659,664,672,665,669,677,675,683,682,690,692,693,700,
227,227,225,231,234,236,237,233,236,237,240,244,243,237,237,238,240,244,248,255,256,262,265,264,273,270,273,280,282,284,287,292,302,308,313,320,327,322,327,336,339,338,342,345,352,357,360,368,371,380,374,377,381,385,394,395,403,409,413,418,427,433,429,432,440,444,445,448,457,464,473,496,489,488,494,499,506,511,513,522,531,538,550,557,560,566,564,558,562,565,570,578,584,590,599,604,613,616,625,616,615,622,628,635,648,649,652,649,644,652,648,654,650,654,658,663,666,663,665,662,658,661,667,672,665,673,670,666,666,668,673,671,678,678,680,683,684,691,692,697,702,
228,227,226,228,229,233,240,246,244,239,242,244,247,240,238,246,243,245,246,247,258,266,261,263,266,273,277,282,291,288,290,294,298,301,312,324,329,329,332,339,346,345,347,353,358,361,368,373,377,381,379,385,388,394,399,402,408,415,422,428,431,438,435,440,448,451,453,455,462,471,478,494,497,497,501,504,510,515,520,529,538,546,558,564,565,573,568,573,568,571,579,585,590,596,603,610,619,622,622,619,620,629,632,636,643,647,657,651,653,660,664,661,656,663,660,667,675,676,673,665,662,666,675,672,669,677,669,668,669,676,680,680,686,682,681,686,694,698,698,698,700,
230,232,228,235,233,236,242,247,244,243,247,246,251,259,251,247,249,246,249,249,250,258,259,271,274,279,286,287,292,297,297,299,306,310,313,316,324,332,341,344,348,348,356,356,365,365,370,378,386,388,384,393,396,399,406,410,416,422,428,435,439,446,451,452,454,456,465,474,469,475,481,489,505,513,507,511,519,524,525,531,536,540,562,570,572,578,576,582,590,595,587,594,595,603,607,614,622,626,631,624,627,632,640,644,651,654,657,661,661,664,671,666,665,672,667,671,675,678,674,668,669,672,675,672,670,675,670,677,678,678,679,682,686,684,688,690,695,698,700,701,706,
235,236,239,238,236,242,248,252,250,246,251,255,254,263,259,255,252,254,255,253,256,260,260,267,276,284,288,291,297,305,305,307,308,316,322,320,323,328,335,348,352,360,365,359,362,371,379,382,390,395,404,397,405,407,415,417,423,427,432,437,445,454,458,461,460,463,471,478,477,481,489,494,499,508,516,523,524,531,540,536,544,548,557,563,567,585,583,590,597,599,592,597,601,606,614,620,624,628,631,639,635,641,646,652,655,663,660,667,663,666,670,668,675,677,671,673,682,680,683,677,682,678,676,680,680,678,671,675,684,692,687,688,690,695,689,690,696,700,705,709,709,
241,242,241,241,239,243,249,252,251,252,254,263,263,272,266,264,264,262,264,259,265,264,267,273,276,280,295,298,302,311,312,310,310,317,326,326,328,332,336,340,343,365,369,362,371,375,384,385,390,399,405,404,408,415,422,426,432,432,439,442,449,457,463,466,467,475,477,484,486,486,492,500,506,513,520,528,530,539,544,545,553,556,560,565,574,587,596,595,604,603,607,602,610,610,614,620,625,634,639,641,638,641,648,652,661,667,664,672,671,670,676,674,680,686,681,678,686,688,690,682,683,685,678,679,688,687,678,680,688,690,694,697,699,701,694,697,698,700,705,710,711,
258,251,244,242,248,250,257,257,259,258,258,263,272,276,268,266,265,266,273,270,269,266,267,273,278,282,287,292,298,316,315,318,325,321,327,335,331,339,340,349,350,357,365,374,378,378,385,388,396,408,409,413,414,420,425,433,439,441,447,449,454,460,468,479,486,481,484,490,495,494,500,505,512,519,527,534,540,548,549,551,560,561,569,572,576,583,590,604,610,608,615,610,618,618,621,625,631,635,644,646,641,650,652,661,666,673,668,676,679,672,676,676,683,686,688,680,685,694,692,696,688,684,680,684,692,692,688,684,692,691,692,695,702,698,697,705,704,703,707,712,719,
255,253,245,248,251,255,256,258,263,264,266,271,273,274,273,271,266,271,272,277,274,271,271,277,283,286,288,292,296,318,322,326,327,325,329,333,335,343,347,355,355,362,369,377,381,384,388,394,400,414,413,418,423,429,429,434,438,442,453,458,459,465,474,479,490,487,489,496,502,508,506,513,517,523,528,536,546,554,555,560,566,573,575,578,584,588,592,599,608,615,619,617,624,625,625,630,639,638,642,650,657,655,657,665,669,673,687,680,683,677,683,683,687,692,691,686,690,697,699,700,695,686,688,693,698,695,699,690,693,697,700,697,704,704,710,711,710,706,711,712,720,
262,254,247,254,258,256,257,260,262,271,279,274,282,279,277,279,275,279,273,281,276,273,272,279,284,292,291,296,300,309,313,322,333,327,332,335,341,350,352,358,364,365,369,377,386,388,395,400,408,417,419,422,431,433,433,437,441,450,459,465,465,472,481,487,492,493,502,502,508,516,515,520,522,529,534,543,548,557,560,565,574,579,581,584,593,595,599,605,609,617,623,640,631,633,629,636,644,645,650,657,661,661,660,666,674,678,685,684,685,689,689,697,693,695,698,700,694,700,697,694,692,688,694,698,703,702,707,708,702,704,706,702,704,708,709,719,713,708,715,714,720,
261,260,252,259,265,258,263,266,269,277,283,283,285,286,286,286,287,281,279,287,284,275,275,278,284,286,298,304,304,309,317,325,341,340,334,342,348,351,358,366,375,368,376,382,385,396,398,405,410,419,437,429,437,438,442,441,448,455,464,468,472,481,486,492,498,506,508,507,513,522,531,536,527,533,541,550,554,562,571,572,578,583,592,607,599,602,603,610,614,619,628,636,635,637,643,640,646,651,653,659,664,669,672,675,681,681,689,693,690,693,693,695,700,697,705,704,696,700,699,703,701,695,695,696,700,707,712,709,706,708,709,710,712,710,714,717,719,726,723,716,718,
262,261,261,261,266,266,267,267,272,277,285,296,294,294,292,287,289,287,281,284,284,282,291,286,289,291,293,298,305,318,322,326,335,344,337,346,354,359,365,373,377,376,383,390,390,398,403,409,414,421,438,433,438,443,452,450,457,459,468,474,481,488,492,501,506,512,516,515,520,529,535,542,547,540,548,554,561,569,574,578,585,591,599,605,605,613,609,616,623,625,630,639,644,643,650,647,651,660,657,666,672,677,685,678,685,688,694,700,697,702,702,697,704,708,710,712,710,707,703,708,705,703,702,699,700,708,715,715,712,717,722,726,720,716,715,722,720,725,727,722,723,
267,269,271,265,273,271,274,273,278,284,290,292,297,306,299,296,293,296,301,292,290,291,299,292,296,300,302,305,310,316,324,332,344,344,339,348,356,365,368,377,382,386,387,394,399,405,408,416,422,428,437,445,443,447,451,459,463,466,475,479,488,493,500,508,511,516,522,528,529,535,542,548,553,545,553,558,563,578,582,583,590,598,606,614,609,617,622,623,632,631,636,640,644,649,653,654,656,663,671,674,675,684,692,683,692,697,698,705,701,709,704,701,703,706,709,716,719,712,705,709,713,712,711,705,701,703,711,713,724,719,727,734,725,717,721,729,725,729,729,732,727,
271,275,275,267,269,270,273,278,281,286,295,295,302,306,306,305,302,299,301,295,295,300,300,294,297,306,306,313,314,323,326,334,342,345,352,356,363,367,373,381,391,395,390,396,405,411,425,423,427,435,440,448,452,451,459,468,477,472,479,488,493,501,508,516,518,525,532,535,537,543,549,557,557,550,555,563,571,583,587,595,596,604,611,619,628,624,631,627,631,639,642,649,648,655,658,667,662,667,670,678,679,688,692,692,699,704,706,710,717,711,710,704,712,713,718,720,719,715,710,713,720,720,719,713,704,711,718,717,722,723,728,737,732,738,732,731,736,732,732,732,729,
276,277,276,272,271,274,277,282,285,293,300,297,303,311,315,311,304,300,302,296,298,306,306,309,300,308,310,315,323,329,329,338,340,349,357,361,369,374,376,383,389,396,396,405,409,412,430,432,436,442,445,449,458,455,462,469,475,492,485,491,498,503,517,523,532,530,535,544,552,552,556,563,566,569,564,570,579,586,592,601,603,611,616,625,635,628,633,631,639,648,647,651,653,662,662,668,675,676,673,679,687,692,698,704,702,711,714,717,719,713,718,724,719,722,721,726,728,719,723,718,723,725,725,716,708,713,721,721,726,733,730,736,739,742,740,734,739,737,737,740,748,
289,284,277,276,273,278,283,289,288,293,299,298,305,312,313,309,306,303,304,302,300,309,308,313,309,314,322,317,319,322,326,340,344,352,361,363,368,372,378,392,394,399,402,406,413,418,426,432,437,450,453,457,463,468,467,472,479,487,490,495,501,507,526,531,538,538,544,553,558,558,564,568,573,578,573,575,584,591,599,609,612,618,623,631,635,634,638,647,644,653,661,660,661,666,667,671,676,685,681,683,691,697,704,712,708,713,717,720,723,717,723,726,728,727,728,735,728,722,728,723,726,724,723,718,717,714,717,720,729,735,731,733,739,744,743,736,743,738,740,747,748,
284,279,278,281,276,279,287,290,291,297,303,310,310,317,320,311,309,311,312,305,301,307,316,319,313,318,323,322,321,324,333,342,346,350,357,360,373,381,387,394,402,403,406,410,417,424,428,435,443,454,458,461,468,477,474,476,483,487,494,501,510,514,521,527,535,546,550,559,567,573,582,577,578,585,580,580,588,593,600,614,623,624,629,637,639,648,642,651,650,657,664,668,674,671,676,677,685,692,688,690,694,700,709,719,713,720,722,723,730,733,731,735,737,745,749,742,736,731,733,732,728,726,725,722,724,718,724,722,724,732,737,742,744,746,749,754,749,752,744,750,755,
286,282,284,284,286,287,294,291,299,298,300,307,309,322,324,318,312,319,315,310,304,307,315,319,327,324,326,324,329,332,339,348,352,355,362,367,375,384,387,401,409,409,412,414,421,430,433,437,443,452,461,469,473,478,481,480,484,493,498,510,516,523,526,535,542,550,556,563,572,577,586,582,587,592,597,600,593,602,607,615,623,629,637,644,643,651,649,656,657,666,668,675,680,677,681,682,686,693,701,699,699,706,713,718,732,729,726,729,734,739,736,740,739,748,757,748,742,747,738,736,731,728,728,729,725,726,733,729,727,733,741,748,750,754,757,756,757,753,752,755,759,
290,290,289,287,289,295,297,295,301,306,309,313,312,320,320,319,321,326,318,315,319,312,315,322,331,332,330,339,331,340,343,349,352,357,365,373,377,383,393,397,402,410,418,421,428,431,438,445,448,455,460,465,478,484,490,488,492,500,507,516,521,529,535,543,547,552,557,564,579,585,594,601,595,598,602,605,598,603,608,617,632,634,641,646,650,658,662,660,667,670,674,680,684,684,689,686,695,701,709,710,704,709,718,723,740,736,731,733,742,744,740,749,743,745,754,753,746,742,740,743,740,735,732,731,729,733,734,735,734,741,740,743,752,756,758,758,762,758,754,759,760,
294,294,295,289,290,292,293,296,297,299,304,322,318,321,324,326,334,333,325,323,321,317,318,327,331,334,338,341,350,346,346,355,357,359,362,368,377,387,395,403,408,417,425,433,436,439,443,449,452,458,466,473,480,487,493,502,497,501,507,515,529,536,543,551,553,561,566,571,579,587,592,607,610,604,610,613,604,612,614,619,624,633,646,650,657,662,666,665,670,674,681,684,691,699,695,700,703,706,711,717,712,716,725,729,734,738,744,757,749,748,754,757,752,751,757,760,755,750,751,745,741,740,739,737,740,740,748,742,735,736,739,745,755,762,765,760,765,771,764,764,771,
302,300,296,293,298,299,295,303,302,300,304,313,321,330,333,332,337,337,329,331,328,326,323,330,333,338,356,350,355,352,348,356,359,368,371,371,380,387,393,412,412,416,422,427,430,446,446,450,456,464,470,474,481,490,497,505,502,510,515,519,524,529,535,554,562,570,571,577,584,593,601,608,615,614,618,621,626,617,622,625,631,640,648,656,663,670,670,670,679,683,689,688,693,702,704,703,707,712,718,725,727,724,729,733,737,741,748,756,756,764,762,760,763,756,762,766,757,756,760,754,745,748,753,745,743,748,750,749,747,744,746,750,759,763,765,777,769,771,765,767,774,
306,298,297,302,299,307,301,306,310,307,310,315,322,329,337,334,339,340,337,338,336,333,330,335,339,343,351,356,357,360,364,363,361,369,373,378,383,386,392,403,406,412,419,435,433,442,446,455,461,468,477,479,488,493,500,514,519,517,523,528,528,534,540,548,564,569,578,583,591,599,606,617,623,631,633,627,629,624,629,631,640,645,654,660,672,675,674,681,684,688,695,697,698,706,710,707,710,716,724,731,735,727,733,739,743,744,747,751,757,769,768,763,769,763,764,771,762,763,761,752,747,756,761,753,755,751,757,756,752,749,751,751,759,762,770,782,775,773,772,768,774,
312,304,298,299,307,309,308,310,311,314,316,319,324,332,337,337,344,344,351,345,341,340,347,339,346,350,354,362,360,362,369,367,363,368,371,380,386,389,392,397,405,419,426,432,441,444,452,457,463,467,478,484,495,502,507,514,521,522,531,537,535,542,545,550,559,568,580,586,591,597,607,615,630,636,642,636,636,642,643,636,645,651,657,665,673,681,683,686,691,695,702,711,702,709,718,716,716,720,725,734,743,744,739,742,747,753,755,757,762,764,772,769,775,774,772,766,764,762,758,754,749,755,761,767,758,757,762,758,753,752,760,758,761,767,775,774,779,780,784,777,781,
312,306,300,307,313,315,319,312,313,321,317,321,330,339,343,347,353,351,352,349,350,343,348,348,353,354,360,363,369,364,369,376,371,373,378,384,388,397,399,406,409,417,424,427,445,453,457,462,469,471,478,484,491,504,509,522,529,538,537,542,541,549,554,554,559,564,572,589,595,602,607,618,623,628,648,647,642,648,651,659,650,657,664,669,673,679,700,692,698,703,707,713,706,714,718,723,723,728,732,737,744,748,744,749,755,761,763,759,762,768,772,786,781,778,776,775,766,764,761,756,757,758,759,762,764,759,763,764,761,766,770,770,764,768,770,771,784,782,782,781,782,
319,313,320,314,316,322,320,317,319,323,330,322,325,333,341,352,357,360,359,354,348,346,349,356,359,364,363,369,372,369,377,383,384,376,380,387,390,405,405,410,418,425,430,435,440,448,455,467,471,479,482,487,491,499,507,518,525,533,545,547,551,555,560,558,565,571,578,584,590,609,616,623,629,634,639,648,650,652,657,665,656,664,669,676,682,683,692,700,705,709,715,717,724,722,726,727,732,734,736,741,750,756,752,752,759,764,772,767,768,775,774,781,786,784,785,781,773,767,768,763,765,766,765,770,772,772,771,767,766,769,774,774,771,769,772,776,778,783,788,787,783,
325,319,326,318,320,325,322,321,320,321,322,328,332,337,341,343,355,362,357,353,351,358,350,353,362,364,368,372,381,375,381,386,387,382,384,386,395,404,412,419,423,427,434,443,444,453,457,466,479,483,489,496,496,500,506,515,534,537,543,547,555,564,573,565,573,575,579,583,589,606,612,617,624,631,647,654,659,660,666,670,664,672,673,681,688,688,696,702,706,714,720,724,729,725,728,734,743,751,743,745,748,752,756,759,764,770,773,785,777,783,782,783,787,788,787,778,776,769,770,772,772,773,768,771,775,773,780,771,767,768,776,773,771,770,774,781,781,789,793,792,788,
325,321,324,322,325,327,326,327,321,326,323,326,331,332,347,350,357,365,361,356,355,353,351,357,359,367,370,376,378,384,384,387,394,398,391,393,395,399,404,417,423,432,435,442,450,453,461,466,471,479,493,502,501,504,510,518,525,544,551,554,563,570,579,584,581,581,584,588,594,599,605,621,628,632,638,658,665,666,673,677,682,676,681,688,692,693,699,707,714,721,727,729,734,728,734,743,752,754,752,749,752,761,764,768,772,776,777,782,780,789,789,790,789,797,791,784,783,778,773,782,777,780,777,779,781,788,788,783,780,771,776,776,776,772,777,783,786,791,798,791,789,
333,338,331,336,334,330,331,335,332,332,327,331,339,341,344,346,355,363,362,358,361,356,355,357,362,370,388,383,385,390,388,392,396,399,393,399,398,405,411,414,421,430,442,445,449,454,460,469,472,480,485,503,507,512,519,522,531,539,548,560,565,569,574,585,587,595,588,594,600,608,613,618,622,628,642,650,657,664,677,684,687,685,689,693,699,706,705,709,718,725,735,739,738,747,739,746,755,762,760,754,759,767,770,774,781,781,781,783,786,795,800,796,796,796,794,789,790,789,786,786,790,784,793,787,784,787,790,787,781,774,780,784,782,789,785,787,788,794,800,792,795,
339,341,336,340,338,331,336,339,335,335,332,335,338,339,347,354,363,366,364,360,363,359,362,366,370,378,386,387,388,392,397,397,400,408,406,403,405,409,415,422,428,433,436,440,458,459,462,469,473,481,489,495,504,508,525,527,535,539,544,563,572,576,582,590,592,596,592,596,603,610,620,627,628,637,641,647,655,671,676,684,689,693,694,700,708,710,713,717,722,726,732,742,743,747,745,751,759,764,768,771,765,774,778,780,784,789,786,790,793,796,798,802,800,802,797,795,798,794,787,794,791,789,790,794,793,796,793,790,781,777,782,783,790,792,793,792,793,796,797,799,797,
343,348,344,341,342,338,341,344,338,337,338,339,344,346,349,356,362,373,369,374,372,365,369,369,371,375,380,395,394,396,401,399,403,409,413,409,408,412,419,424,435,440,445,446,449,453,458,472,476,480,486,502,505,509,517,533,540,547,551,558,563,567,589,591,597,604,613,605,612,614,621,629,636,640,649,652,659,668,673,691,694,702,698,705,710,715,721,724,729,731,740,749,748,751,753,755,764,773,773,777,784,783,790,785,791,794,796,796,796,805,803,804,813,806,804,810,809,800,802,798,791,790,791,794,801,794,793,786,783,786,789,791,794,797,801,796,797,798,803,800,804,
359,351,350,344,346,352,347,343,340,342,341,344,351,352,355,358,360,368,374,377,376,381,374,377,376,377,386,388,390,399,406,411,407,415,420,415,418,418,423,430,438,448,449,450,453,461,466,469,474,479,489,498,504,510,525,529,536,542,560,564,572,575,580,585,590,610,619,611,615,618,624,630,636,644,648,655,661,677,680,688,694,703,719,712,715,721,725,729,733,740,749,754,758,757,761,763,771,780,787,782,785,786,792,795,798,801,803,802,805,814,806,811,814,814,808,814,811,805,807,798,793,794,796,799,806,797,793,792,789,793,791,799,801,800,801,806,798,804,806,811,808,
359,351,348,346,353,357,353,348,342,345,349,348,355,359,357,366,361,370,371,373,384,383,381,389,380,383,386,388,392,401,404,408,413,422,428,425,421,423,426,435,440,451,458,458,458,467,475,472,478,486,491,501,506,511,519,537,545,549,558,563,572,584,588,592,597,606,614,617,623,622,630,636,645,653,653,660,665,674,689,697,703,708,715,716,724,729,734,739,737,743,751,758,761,763,768,768,772,779,784,786,791,791,794,803,805,805,812,817,824,817,815,820,817,821,819,821,820,812,806,799,800,795,796,798,805,796,795,793,790,794,792,794,800,805,807,810,804,807,813,814,821,
354,351,349,350,354,361,353,348,347,351,354,352,353,357,361,365,368,370,371,377,389,388,395,391,386,385,387,394,399,406,406,413,419,428,431,429,426,430,428,435,442,448,460,465,461,467,474,478,481,487,492,504,508,516,522,538,542,547,556,560,569,586,595,598,601,605,613,619,628,633,637,642,649,657,658,663,667,675,692,696,701,706,715,725,728,737,743,745,746,747,753,759,764,779,771,780,778,783,792,800,797,803,798,805,808,810,817,823,831,823,832,826,822,827,832,824,818,814,810,801,804,798,804,805,811,802,796,800,803,803,803,799,802,807,810,812,819,823,825,819,822,
358,352,354,358,358,365,359,351,352,358,366,359,355,356,364,372,375,375,380,386,392,395,402,400,406,400,394,398,402,408,413,419,427,429,433,434,433,436,435,440,449,451,457,461,465,474,477,484,485,492,501,508,517,519,522,530,536,544,557,563,572,579,587,594,607,610,619,627,631,635,642,646,654,663,664,667,672,679,684,689,709,710,718,727,731,742,747,749,751,755,761,764,771,780,777,782,781,786,794,801,800,803,806,811,811,817,825,827,831,830,838,830,830,830,834,828,819,810,805,802,804,805,808,812,810,803,803,807,807,807,803,802,810,809,817,820,820,827,825,823,825,
362,357,356,357,361,365,361,359,355,360,363,363,357,361,365,369,375,378,386,393,395,396,403,401,407,406,402,400,404,412,421,421,430,431,435,443,446,440,438,442,450,455,460,463,466,472,484,489,489,496,500,506,524,525,531,535,540,546,551,558,567,580,585,591,599,610,626,632,636,642,647,655,661,667,676,676,679,687,692,694,701,708,713,731,736,739,742,751,759,763,764,771,776,783,788,791,789,789,796,800,808,810,808,814,814,819,821,823,833,836,843,836,840,837,839,826,819,810,806,807,808,811,809,814,808,804,809,809,816,810,807,808,815,813,819,825,828,829,827,830,829,
363,361,364,365,366,372,368,367,368,365,366,365,362,366,371,372,378,386,388,395,404,408,410,404,408,408,403,408,409,415,418,425,437,439,440,445,451,448,451,446,451,458,462,472,470,474,483,491,492,497,504,511,529,529,537,543,544,551,557,560,565,573,586,593,601,609,617,626,645,650,653,660,667,674,682,684,684,693,699,702,710,713,720,724,728,732,748,753,756,760,767,775,781,790,796,798,800,796,800,805,814,819,821,819,817,825,829,832,839,841,844,842,845,850,844,826,822,815,808,808,816,817,811,814,817,818,825,825,820,818,812,819,823,817,822,827,828,831,835,831,837,
365,371,366,369,369,370,375,376,374,367,368,371,373,369,375,380,382,390,394,395,399,400,408,416,414,416,423,421,414,420,421,430,438,438,442,445,450,454,455,451,455,463,469,475,476,477,486,491,498,501,508,517,520,533,539,547,548,556,559,564,572,576,585,589,597,613,621,630,638,644,655,657,664,671,677,690,693,700,703,709,718,720,723,731,732,741,747,755,759,764,768,777,786,798,802,803,806,799,805,808,812,825,828,827,836,828,836,836,841,846,847,849,853,858,852,833,824,820,813,815,819,820,818,822,820,826,828,826,829,823,818,823,830,829,826,833,832,839,838,838,844,
372,374,374,375,370,378,378,379,375,375,376,379,380,380,383,385,389,396,400,401,407,405,413,418,419,424,427,422,423,428,426,430,432,436,448,453,458,460,460,455,462,470,471,473,479,481,485,494,502,506,513,516,525,545,543,548,556,563,563,567,574,581,590,592,595,604,612,626,636,642,647,651,669,673,677,684,689,692,711,721,721,722,725,728,737,745,751,756,761,766,777,782,787,792,796,810,813,814,811,810,816,819,824,830,836,830,834,840,843,854,854,852,858,850,843,836,831,826,832,823,824,826,831,826,821,823,828,827,834,831,830,824,831,836,829,837,838,840,848,846,846,
377,381,381,384,383,383,384,383,381,382,385,386,384,385,388,392,392,400,404,405,406,411,412,415,423,431,429,424,432,436,429,434,440,440,449,451,459,464,467,469,467,476,473,482,482,485,491,496,500,512,518,525,534,542,550,551,556,565,570,573,582,585,592,601,603,608,616,620,629,646,652,657,663,666,669,683,691,698,705,712,716,718,724,732,737,744,752,761,765,771,780,787,794,796,800,807,816,818,817,816,818,824,826,842,844,838,842,842,844,850,852,860,860,851,843,841,840,832,834,831,829,837,837,829,835,826,832,836,840,839,836,832,833,832,831,834,837,839,852,854,847,
389,385,386,387,388,387,392,384,385,386,386,387,392,397,391,395,397,401,406,411,409,418,419,417,424,429,433,425,430,439,439,437,442,446,452,457,461,470,471,476,476,483,491,491,486,490,499,501,505,509,513,521,534,541,547,552,557,564,572,577,585,588,596,604,611,614,617,622,626,640,648,657,661,669,674,678,684,689,703,710,709,714,719,726,746,749,757,766,769,777,779,785,792,796,805,813,822,823,822,823,825,828,831,838,847,855,847,848,851,859,854,860,860,856,849,844,844,840,839,834,836,843,840,834,829,828,834,835,837,844,841,839,834,836,838,835,842,843,845,851,854,
393,390,393,390,391,395,391,388,391,391,390,391,395,403,395,400,400,402,407,409,412,415,420,419,428,436,438,442,436,438,443,440,443,449,457,462,463,466,468,471,484,483,489,493,489,496,499,503,512,514,522,526,531,537,540,557,564,561,568,575,584,592,597,602,608,622,622,630,633,637,644,651,661,675,682,686,691,694,697,702,705,722,723,730,737,743,753,761,766,773,776,786,791,798,808,815,818,824,835,840,834,832,838,843,846,854,854,851,860,862,862,866,859,853,852,853,859,853,847,843,844,846,841,837,835,833,834,836,841,846,845,849,841,840,845,841,849,844,846,847,852,
400,398,395,392,393,398,399,392,393,394,394,396,403,411,403,405,405,411,410,411,414,415,416,427,435,438,443,445,445,445,450,448,449,457,461,463,471,471,475,473,479,481,490,498,502,503,508,507,512,518,523,533,537,545,545,548,555,558,573,580,586,591,605,606,611,619,624,634,642,642,650,658,664,670,679,688,695,703,701,706,712,718,724,731,741,750,754,757,768,777,783,787,796,803,813,816,825,824,832,835,843,834,836,843,845,860,866,864,862,869,866,871,867,861,858,865,858,855,846,844,848,850,847,840,836,840,840,840,846,847,850,854,853,847,851,843,850,849,853,848,852,
401,397,396,403,400,404,404,400,400,402,406,400,401,409,411,407,408,412,411,414,420,416,419,428,431,436,444,447,446,452,451,454,453,458,461,464,475,477,482,481,483,488,497,503,510,506,511,514,521,521,528,536,542,551,554,556,559,566,575,578,584,597,605,611,615,622,631,636,643,646,653,657,666,676,685,689,693,705,706,712,721,725,729,734,738,744,753,765,771,777,784,795,800,802,807,812,819,821,828,838,841,847,843,845,850,857,861,869,864,866,871,878,873,870,873,864,859,854,848,855,855,855,850,842,845,844,848,844,848,849,855,857,864,857,856,859,855,858,855,850,851,
401,399,401,404,408,411,410,414,408,415,411,412,408,411,410,408,410,414,417,421,423,418,421,430,435,440,445,453,458,454,457,458,460,467,469,466,474,479,483,490,485,487,494,501,512,512,516,517,525,525,530,534,540,554,561,564,568,573,579,586,588,594,602,607,623,630,635,639,644,649,655,662,667,680,691,694,697,701,710,716,727,729,736,741,746,751,758,762,767,772,789,788,792,795,804,806,819,821,826,832,838,842,850,852,858,865,867,869,871,874,876,875,874,874,872,856,854,852,850,859,864,857,853,851,855,852,855,847,851,851,858,858,860,864,863,859,856,864,861,855,857,
406,402,408,409,410,418,416,416,411,419,415,416,414,419,416,415,413,416,419,425,431,422,423,432,436,445,454,461,466,470,466,460,469,470,477,468,476,482,486,496,487,492,495,501,514,514,521,524,526,530,533,537,540,562,565,567,571,576,583,590,596,603,611,614,623,629,636,648,648,651,656,662,673,683,690,697,701,709,718,722,730,732,735,742,750,754,762,766,771,779,782,784,786,801,806,814,817,820,822,839,841,848,852,861,863,869,869,873,878,881,877,879,875,869,868,861,863,861,857,865,863,859,856,853,854,859,856,860,858,860,859,863,867,869,869,863,863,865,865,865,863,
410,403,405,408,409,414,415,421,424,422,420,423,417,421,418,421,418,421,423,430,435,435,431,434,443,448,452,460,463,471,471,463,472,471,475,477,479,486,489,493,500,495,497,501,506,508,520,529,529,532,537,545,545,553,559,568,579,580,583,591,598,607,610,615,618,636,641,648,652,654,662,668,674,683,688,701,704,713,722,731,736,740,743,751,755,763,770,774,779,782,789,787,791,799,807,810,826,824,828,834,836,841,858,861,869,870,871,880,881,889,880,880,874,870,864,862,866,863,871,866,871,864,865,857,856,859,860,862,863,865,863,866,874,875,876,871,872,873,870,870,868,
417,411,409,411,410,416,418,420,421,423,427,430,423,422,423,427,422,422,430,438,437,437,434,435,436,442,456,465,470,471,475,479,474,483,476,484,486,488,497,499,506,497,504,506,512,514,518,523,532,540,540,547,550,559,562,566,584,584,591,598,601,607,610,615,625,632,635,640,655,656,662,667,675,692,696,703,709,712,720,723,737,741,750,759,761,765,773,779,787,790,793,795,795,803,808,813,832,828,832,835,838,842,859,859,863,867,874,882,882,885,883,878,875,875,873,868,871,872,880,874,872,873,867,863,864,861,862,868,866,868,864,865,871,872,882,875,877,875,876,873,875,
423,418,416,416,413,416,424,426,429,426,427,432,429,423,425,433,431,427,429,430,438,440,444,440,445,445,454,460,465,473,481,486,483,484,480,481,488,497,504,505,511,504,513,514,519,522,527,529,534,541,544,549,553,555,570,568,576,584,593,601,608,610,618,620,623,630,633,647,650,653,661,675,684,688,691,695,702,710,717,721,729,732,747,755,762,765,769,775,783,791,798,802,802,807,815,819,828,833,841,840,843,844,850,857,864,874,879,888,887,887,884,881,880,882,874,873,872,873,880,876,880,874,869,871,870,862,866,872,880,872,873,866,870,875,880,884,878,881,876,875,882,
426,425,423,421,420,417,424,425,431,429,430,434,434,429,428,430,438,439,431,432,437,440,443,446,447,449,451,455,461,466,472,481,487,489,487,484,485,494,502,509,512,516,523,519,528,529,530,531,533,539,542,553,559,564,568,577,582,590,595,601,610,614,623,628,628,636,636,641,650,657,664,670,676,684,698,700,703,707,710,728,729,735,742,748,766,762,767,770,779,790,797,801,809,814,818,820,824,831,841,849,848,850,857,859,864,881,886,890,889,893,889,886,887,879,876,878,873,882,885,879,877,875,877,872,867,863,865,872,873,876,874,868,871,876,884,882,880,883,882,889,887,
433,429,431,430,428,422,426,430,437,432,432,433,434,439,433,431,435,443,435,439,440,444,449,454,456,458,453,454,459,460,476,482,483,489,497,491,487,489,495,504,516,519,525,522,528,533,534,538,542,544,550,553,561,569,574,580,587,591,600,604,607,609,628,632,636,643,642,646,653,660,664,679,682,686,692,700,712,711,717,721,726,735,749,756,759,759,767,773,779,784,793,803,805,808,816,819,824,832,837,849,856,852,858,863,869,878,887,884,888,892,892,889,894,886,882,886,881,888,890,886,880,881,882,875,875,873,871,876,874,878,874,870,877,883,891,885,887,884,887,891,888,
436,443,438,432,432,428,429,436,441,440,436,439,437,442,437,436,440,444,440,447,441,447,448,449,462,463,460,463,462,466,475,484,491,495,499,495,492,491,492,499,508,517,522,520,523,527,533,549,547,548,552,561,564,569,571,578,595,596,597,604,608,616,624,626,628,648,649,655,656,659,668,676,685,694,698,700,709,712,719,726,729,738,743,752,752,755,760,765,783,788,791,796,801,804,819,824,828,832,834,840,851,861,862,869,875,874,882,883,892,899,893,896,894,891,891,893,884,890,886,883,882,888,880,879,882,875,872,877,882,882,875,877,883,889,893,886,893,886,889,895,891,
439,446,440,438,436,439,436,437,443,446,446,445,440,442,441,438,443,451,456,450,443,449,449,453,462,471,468,466,471,469,477,484,483,486,495,497,501,492,494,500,506,511,513,517,526,531,538,547,555,557,554,557,563,568,580,587,589,592,594,613,616,622,631,628,636,643,650,658,660,667,672,679,685,697,706,707,716,718,725,730,732,734,741,743,749,756,765,770,775,782,786,798,805,807,813,817,821,841,839,848,856,859,869,868,869,873,882,890,898,901,899,907,899,900,906,897,895,891,895,887,890,890,885,887,887,880,880,885,883,885,878,883,889,888,889,890,890,889,896,899,901,
445,447,443,439,438,440,437,442,448,448,448,453,448,449,442,446,446,447,454,451,448,451,455,458,467,473,475,469,477,474,478,480,481,487,494,502,503,501,497,504,505,508,520,526,533,536,544,546,553,572,563,565,565,571,578,580,592,597,599,607,609,615,638,635,643,652,653,655,657,662,679,688,692,698,707,715,722,722,724,726,729,739,741,743,746,756,762,770,773,781,789,797,799,808,816,822,830,837,844,845,852,860,867,866,872,874,878,882,889,893,894,900,903,905,901,897,896,892,895,891,888,887,886,885,882,881,887,892,887,885,879,882,885,887,893,894,895,899,899,901,908,
453,451,448,444,441,446,449,449,453,451,454,460,454,448,446,453,448,452,458,456,455,453,455,463,470,475,476,483,485,490,482,488,483,490,496,501,509,512,506,513,510,512,518,520,529,541,550,555,562,571,572,569,571,576,585,589,593,600,605,609,611,620,631,638,640,647,650,662,666,667,675,684,689,700,708,714,719,719,722,724,733,742,749,746,752,756,762,766,776,780,788,797,802,811,817,820,825,831,837,842,851,854,859,863,868,873,878,879,886,893,896,895,901,904,900,899,897,898,903,898,895,891,894,891,888,885,887,892,895,892,891,884,886,890,895,895,899,902,903,908,915,
459,455,453,448,455,452,454,455,454,456,455,454,453,451,447,449,453,458,465,458,460,456,458,459,465,472,483,492,493,489,484,485,492,497,505,508,511,516,509,513,516,514,518,524,529,543,546,553,559,565,569,577,579,578,580,583,589,607,612,618,615,622,625,631,640,643,652,661,670,675,679,688,690,697,705,710,718,717,725,728,737,741,743,749,753,757,765,772,774,780,785,799,803,808,810,817,819,832,838,840,849,858,864,872,867,870,873,880,882,891,888,890,894,903,905,901,906,909,908,903,898,895,902,898,892,896,894,897,902,900,898,890,894,892,899,899,900,903,905,906,912,
459,458,453,451,456,453,454,456,456,459,465,460,454,453,454,453,455,461,465,465,463,460,459,462,468,473,479,501,498,492,488,490,499,506,507,513,513,518,524,516,518,517,525,532,534,535,540,548,566,564,566,568,570,586,583,589,598,606,608,614,622,629,633,633,637,642,650,662,666,675,678,685,687,692,710,710,712,714,718,733,739,748,748,752,756,758,762,771,778,788,788,790,798,801,814,818,825,827,832,841,854,859,861,859,863,868,869,880,880,888,884,893,896,897,898,899,900,903,906,901,900,899,900,896,893,894,902,898,901,907,902,898,899,894,898,904,909,907,914,909,916,
463,457,455,457,459,463,458,462,466,461,465,462,458,461,462,455,456,459,460,468,465,469,465,466,470,473,476,495,490,492,492,491,498,505,508,515,520,520,523,525,524,531,527,529,533,539,546,555,558,560,569,574,578,583,589,592,600,606,615,618,625,631,634,642,645,646,652,660,669,675,679,687,689,697,701,708,716,720,721,730,736,745,757,761,760,761,767,775,782,787,791,794,799,804,807,816,823,825,830,839,853,857,856,858,862,869,874,881,874,881,877,884,892,892,900,897,899,902,907,902,903,909,906,902,910,902,908,906,906,910,905,905,901,897,899,900,903,911,915,911,912,
462,459,459,464,463,461,460,465,469,465,469,468,463,465,465,460,458,464,462,464,467,472,469,473,476,475,481,487,488,492,496,498,501,507,512,524,526,526,530,531,531,540,536,538,535,542,551,554,565,562,565,574,581,585,593,601,608,614,621,627,631,638,640,645,653,655,658,661,664,666,685,694,691,694,697,705,716,719,725,730,744,752,761,770,763,765,768,772,778,791,792,788,794,799,803,815,815,824,833,841,848,848,850,855,860,869,868,871,870,872,875,877,883,890,895,896,899,905,913,909,909,913,909,904,907,904,906,908,910,908,907,904,902,909,902,905,910,914,920,915,917,
463,460,465,468,468,466,466,472,470,469,472,473,476,478,473,466,464,468,465,469,474,478,471,474,481,483,484,486,493,496,501,504,508,514,518,521,528,533,533,536,538,546,543,547,542,549,548,555,558,561,571,579,585,588,596,602,604,620,627,632,635,640,646,654,662,657,660,667,670,672,681,690,694,702,701,706,713,719,733,739,746,748,757,763,768,770,773,780,780,783,783,785,790,798,807,808,813,815,827,835,840,840,843,847,851,860,860,862,867,873,873,876,881,884,898,898,906,904,908,915,911,917,913,906,909,907,908,910,917,916,911,909,908,910,909,910,915,916,917,922,919,
466,465,468,469,476,471,478,473,475,481,476,480,479,474,472,468,465,473,470,477,481,479,483,478,482,488,485,489,493,500,502,504,513,520,522,526,535,538,539,541,549,549,549,546,543,546,547,553,567,568,571,577,583,597,601,608,611,619,624,631,633,638,647,649,664,666,665,674,678,676,681,688,692,711,703,705,710,717,731,739,746,750,752,757,764,777,774,772,771,775,777,784,788,805,807,811,815,816,822,837,838,838,846,845,853,853,858,859,861,869,870,884,886,891,898,904,902,902,905,913,918,917,916,922,914,915,912,912,917,918,916,910,911,915,916,915,919,921,919,923,926,
472,479,473,477,480,477,484,478,478,479,481,484,484,478,473,475,481,479,484,478,480,481,484,481,489,494,489,496,494,502,509,509,511,520,526,534,543,542,545,543,546,554,556,553,553,549,556,560,561,567,574,580,582,590,597,610,619,614,619,624,631,647,653,655,658,661,665,672,675,682,686,691,700,703,705,707,709,714,726,731,738,744,756,758,766,768,765,767,768,770,784,788,791,800,801,806,818,817,824,833,835,836,837,841,848,849,850,853,868,877,871,876,884,891,895,897,899,901,906,911,918,925,920,922,917,918,918,913,915,918,913,912,915,920,927,926,924,922,924,928,931,
474,480,477,482,484,486,489,488,487,486,482,488,487,480,475,481,483,482,486,481,481,489,490,484,487,488,494,498,500,506,511,510,514,518,523,538,546,544,547,544,553,554,557,555,558,550,554,560,565,568,571,575,586,598,602,609,610,611,626,632,637,645,653,660,661,669,668,673,678,680,688,690,700,702,711,710,711,714,723,729,742,751,756,761,758,762,764,767,774,776,785,793,798,803,809,813,819,823,825,829,831,840,838,844,845,853,859,859,867,870,871,880,884,890,891,902,905,905,907,911,916,924,924,922,918,924,924,920,919,915,914,917,920,925,927,932,929,933,928,934,936,
491,486,482,483,490,493,491,495,498,493,495,493,486,483,480,487,490,483,491,489,484,491,494,495,490,494,502,499,507,509,510,516,515,521,528,532,538,540,547,559,557,555,562,560,557,554,555,557,559,577,578,581,590,598,607,613,613,618,626,632,637,647,652,658,660,661,665,671,681,682,684,692,694,711,717,714,716,718,727,734,735,757,754,755,756,760,771,775,781,780,789,797,806,807,809,814,821,827,830,832,837,843,842,846,852,858,860,862,867,874,877,882,888,885,892,895,898,902,915,913,917,921,926,924,928,929,925,921,920,918,917,921,927,934,934,936,933,938,940,938,940,
492,488,487,486,490,491,492,497,500,498,496,492,486,485,492,491,492,500,494,491,486,489,491,492,498,502,507,506,507,512,517,521,516,521,522,523,539,545,548,551,552,554,562,564,560,563,557,566,560,568,576,585,596,600,609,611,613,620,628,632,637,639,645,656,657,665,671,673,679,683,691,696,697,702,710,717,720,719,726,733,737,753,752,760,761,761,770,777,781,788,791,798,807,813,810,814,822,826,836,835,840,846,844,847,851,856,861,864,869,875,879,880,882,883,888,898,898,903,907,911,919,925,931,929,928,931,932,925,922,925,919,924,930,933,937,943,936,939,942,945,944,
493,494,492,490,494,494,499,500,504,499,497,491,487,488,490,497,497,499,500,498,493,490,491,499,499,505,506,508,515,517,522,524,521,523,530,526,533,538,542,554,553,552,553,559,568,563,560,565,566,567,574,576,592,599,606,607,615,620,624,632,636,637,641,650,654,670,675,682,680,687,694,700,706,705,709,712,719,728,735,734,740,746,747,765,769,769,773,775,783,794,799,804,812,816,819,817,819,824,828,836,837,840,847,848,851,859,862,867,875,882,880,887,884,889,889,892,895,902,911,918,921,924,923,924,925,931,933,930,924,929,925,931,933,934,941,946,946,943,945,947,954,
495,496,498,493,500,500,503,506,503,500,500,497,492,491,496,499,506,502,503,499,495,491,495,503,509,513,513,516,518,519,526,531,532,528,530,529,536,537,543,548,548,549,551,552,563,565,561,568,572,568,575,577,586,593,601,613,614,615,616,624,631,639,647,653,661,669,673,683,682,684,690,696,714,706,709,713,722,738,738,738,740,744,751,766,769,770,774,781,789,790,797,813,820,818,826,820,820,827,829,838,842,844,853,849,851,859,860,872,874,878,880,888,886,893,897,895,897,901,908,912,916,918,919,927,931,935,931,930,927,930,933,937,935,936,941,943,947,944,949,953,956,
501,501,501,503,501,505,509,511,510,504,507,500,493,500,499,506,507,508,506,501,495,492,497,504,505,510,515,512,515,520,527,530,531,531,538,536,540,538,542,545,547,553,556,558,559,560,568,573,576,571,572,574,583,591,600,609,614,615,618,622,629,633,646,661,661,666,674,683,686,692,693,700,707,714,715,718,726,732,738,747,746,747,756,760,769,777,776,783,790,792,801,807,816,823,830,828,826,835,835,844,849,853,862,856,855,861,866,871,872,873,880,881,889,895,902,899,902,908,910,911,912,917,922,924,929,935,935,936,941,936,937,941,940,937,940,943,945,945,951,954,960,
504,502,507,504,502,504,508,509,513,510,503,502,507,505,501,507,514,509,507,504,501,499,498,500,503,509,508,509,515,516,528,531,535,537,544,552,546,543,547,546,551,559,565,562,566,564,571,576,583,580,575,576,585,590,596,610,612,614,622,631,637,641,646,654,660,671,683,680,688,689,696,709,710,715,724,725,733,738,738,741,742,745,752,756,762,773,774,783,789,795,806,809,817,825,828,829,831,832,837,838,847,855,859,862,861,863,864,865,868,879,881,889,891,894,897,905,910,909,915,917,918,918,919,925,931,935,940,939,946,942,942,945,946,943,946,949,951,957,957,960,966,
505,505,507,509,504,506,507,508,512,507,506,508,512,507,505,509,510,512,513,508,507,500,501,501,503,504,506,511,517,517,520,525,527,542,549,550,552,544,546,551,558,564,569,566,567,572,578,578,582,585,581,585,588,590,591,608,610,615,622,631,638,641,646,652,663,667,674,675,686,690,699,701,708,715,719,728,736,737,735,741,745,746,756,765,770,771,772,779,795,797,806,811,813,818,826,833,825,827,828,832,846,854,854,861,863,860,866,871,872,874,875,883,892,895,900,901,911,912,918,918,922,923,924,925,930,931,938,944,946,949,945,950,952,952,949,954,953,958,958,961,964,
506,508,511,513,513,510,508,514,513,510,508,512,515,509,516,513,513,513,515,511,505,502,505,508,511,507,512,516,523,523,526,530,534,539,543,544,556,553,550,552,558,566,571,578,570,576,580,587,587,589,586,591,594,599,597,606,608,617,631,637,644,643,646,650,655,673,671,677,681,690,691,701,702,711,714,722,728,730,731,740,745,749,756,761,762,778,780,781,789,797,800,803,808,809,824,826,824,826,834,838,844,846,850,858,855,859,866,867,877,881,881,887,893,900,901,907,912,920,925,925,928,928,929,930,934,934,937,940,941,959,959,957,955,953,955,960,958,961,959,965,970,
509,510,516,515,518,514,514,516,515,512,512,517,518,515,519,514,517,515,514,513,508,507,513,515,514,512,520,518,523,526,533,534,542,542,545,547,553,561,557,556,558,562,568,573,578,583,586,591,588,593,601,602,600,607,601,605,614,617,627,632,641,649,650,659,660,664,666,671,679,687,691,700,709,714,716,718,723,728,733,740,746,749,755,760,766,775,776,778,784,789,793,809,817,813,817,819,820,831,837,839,845,847,850,852,853,864,868,870,872,874,879,892,898,902,906,913,914,921,924,930,930,937,934,935,941,936,937,938,941,953,953,959,956,955,962,966,971,967,967,968,972,
518,515,521,518,518,516,515,519,514,513,518,520,517,516,519,516,518,518,520,518,512,513,515,520,521,517,519,527,526,529,537,536,537,540,546,549,550,556,563,560,559,561,567,569,584,585,587,594,596,600,602,608,603,608,605,614,618,621,624,631,633,651,651,657,664,672,673,674,677,679,687,702,705,707,715,726,726,727,735,739,744,748,750,755,767,771,774,778,784,789,793,808,810,814,821,823,825,831,837,844,852,852,856,856,857,865,871,875,877,881,887,888,891,899,911,913,921,925,929,931,930,934,935,939,942,942,938,942,945,950,951,952,963,960,966,970,971,970,970,969,973,
527,521,527,526,521,525,523,521,516,519,521,522,521,527,523,521,520,522,521,523,519,515,520,525,527,530,526,527,533,537,544,539,538,540,546,549,553,554,556,558,564,566,568,576,577,587,595,601,604,601,607,610,618,616,622,623,627,630,630,639,640,648,656,659,667,671,676,683,682,688,696,705,711,711,714,722,728,728,729,737,738,755,754,761,769,768,769,773,780,792,800,805,813,815,819,824,830,837,842,844,845,851,860,858,860,862,868,872,884,882,890,894,898,904,911,915,922,927,928,928,925,930,932,935,946,948,944,945,949,952,958,958,960,964,969,975,974,972,973,973,978,
530,535,530,531,525,526,524,526,521,523,528,524,524,527,526,524,524,526,524,521,519,517,524,531,528,534,527,529,532,538,548,540,544,544,548,552,556,556,561,562,567,572,574,575,579,583,593,601,607,607,614,616,624,619,626,630,631,636,637,646,643,649,653,656,671,676,684,687,689,692,699,702,710,714,716,719,720,729,737,740,745,750,752,758,768,766,770,774,782,794,796,803,807,811,822,823,830,833,846,848,848,856,864,863,861,868,872,874,886,889,896,902,906,909,911,916,922,926,922,923,924,931,934,940,946,950,945,947,950,954,955,959,962,966,970,980,976,976,978,977,981,
531,533,532,532,528,530,525,526,527,530,529,527,527,528,532,528,528,531,526,526,521,522,523,529,534,540,533,534,536,539,540,542,547,545,553,553,557,563,569,566,571,577,576,577,582,586,588,602,605,610,616,620,622,624,632,637,637,638,645,651,647,652,655,659,673,677,683,684,688,696,701,710,719,723,722,724,728,730,735,739,752,752,754,757,760,763,777,779,786,787,794,807,811,812,816,824,829,840,845,850,850,855,860,862,872,871,873,875,878,889,897,898,905,905,911,918,923,919,920,922,927,937,940,947,948,954,961,956,951,955,956,959,961,967,974,979,982,977,980,980,981,
537,537,536,533,536,532,530,532,536,531,534,539,542,535,533,529,530,527,525,524,523,527,530,536,541,544,544,539,542,546,545,549,555,550,551,552,555,569,572,571,574,575,578,580,586,591,596,598,604,607,619,623,628,629,637,638,653,645,650,654,661,659,658,662,668,673,684,689,692,696,704,711,719,721,723,724,725,733,737,738,746,755,760,759,767,769,772,776,782,793,796,799,804,811,824,828,834,837,842,848,852,855,858,862,864,870,879,881,880,885,889,892,898,904,909,916,921,918,921,923,924,931,944,947,949,956,962,956,955,962,963,964,964,968,974,976,985,990,985,991,986,
542,539,539,536,536,533,539,534,537,537,535,539,542,538,535,540,535,530,532,531,525,531,532,539,545,545,547,545,543,550,547,553,555,557,557,553,559,565,572,582,577,583,585,584,590,596,604,604,608,612,616,617,625,636,638,640,647,648,654,661,666,664,660,661,665,671,680,688,694,701,703,706,713,719,722,728,733,739,744,741,748,751,759,764,769,775,773,774,780,785,791,797,799,805,816,822,829,833,839,847,849,854,850,858,864,872,880,881,887,891,890,892,896,898,911,911,914,915,919,926,931,933,940,945,948,949,955,959,956,962,967,967,968,974,978,977,983,984,985,996,991,
545,542,540,537,538,537,542,536,542,539,538,539,542,542,539,542,540,534,535,534,539,532,535,536,539,543,553,558,555,551,549,554,560,561,557,555,560,564,569,582,580,584,589,594,598,597,604,609,615,620,621,619,623,628,631,641,645,652,655,662,670,666,663,668,666,669,676,684,687,695,703,707,713,715,721,725,738,742,746,745,747,750,757,767,768,769,775,778,779,781,787,796,799,803,811,815,826,829,836,839,845,847,848,856,863,870,873,877,881,889,893,899,899,903,906,909,916,922,923,926,932,933,937,939,942,952,956,958,962,964,968,969,969,975,978,979,983,986,991,992,994,
546,544,541,543,543,542,546,549,545,543,546,542,546,543,541,548,541,536,538,537,538,537,542,540,542,545,550,556,562,557,560,557,562,566,561,559,560,568,571,584,586,586,591,597,601,605,610,613,619,621,623,626,626,629,634,636,650,654,662,664,669,669,671,672,672,670,676,682,683,700,699,703,706,713,719,722,735,737,739,743,749,753,763,764,772,774,777,780,785,783,790,791,795,811,814,818,819,825,834,836,838,846,854,856,860,866,873,875,882,886,897,902,904,907,909,910,914,921,924,931,935,934,935,938,944,956,959,962,967,968,972,973,979,981,979,981,986,987,990,993,996,
549,544,543,545,547,552,552,551,548,544,548,545,549,548,554,548,542,549,546,542,545,541,543,541,548,550,552,554,559,560,564,560,564,567,568,569,566,570,576,579,585,590,596,598,606,607,615,619,620,626,628,631,627,634,636,640,657,662,658,663,667,668,678,679,680,672,678,682,687,702,696,698,701,708,723,724,728,733,737,748,753,755,757,763,767,781,785,781,782,788,794,794,797,805,810,819,824,831,831,839,846,847,853,855,862,871,871,878,885,891,900,899,901,902,909,914,918,921,923,928,942,940,938,942,945,952,959,964,968,972,974,975,976,978,982,983,984,985,986,989,994,
555,550,548,548,551,557,553,552,551,550,550,546,548,549,555,552,547,553,550,551,551,548,545,546,551,554,555,557,560,564,568,567,565,566,570,570,570,576,581,586,588,591,592,598,603,610,616,619,623,627,633,633,630,633,635,641,655,655,656,659,664,669,670,675,679,678,683,685,693,694,695,704,707,714,717,724,728,731,735,740,748,752,759,763,766,774,781,787,785,787,790,794,805,812,815,822,822,823,825,832,842,848,852,857,860,869,870,873,880,888,893,896,898,908,909,916,918,924,928,931,938,945,939,941,945,950,957,958,964,967,973,980,980,979,983,986,985,991,987,988,992,
556,551,555,553,555,560,554,555,552,553,555,558,553,555,555,552,549,555,554,557,554,549,552,559,556,560,561,559,562,567,570,573,567,567,570,577,573,577,578,581,592,589,593,594,597,608,615,621,624,631,633,634,637,641,640,644,649,653,663,660,668,674,675,677,682,690,684,690,697,701,701,705,712,718,725,726,727,731,736,741,746,750,752,767,769,774,777,779,790,788,789,793,800,807,811,814,815,829,829,831,838,840,854,856,863,864,872,879,882,885,889,894,897,903,910,916,924,925,928,930,935,948,945,945,947,949,953,958,967,971,976,979,985,983,987,992,987,992,991,992,994,
559,554,560,555,559,561,560,559,555,555,557,556,554,557,561,557,559,556,559,556,554,550,553,558,557,559,564,560,564,566,571,580,573,571,577,583,581,578,584,584,585,587,593,601,603,608,610,613,627,631,636,637,638,645,648,646,653,654,658,662,670,680,682,679,685,689,690,697,701,703,705,712,720,722,729,730,733,739,739,741,742,748,760,763,769,777,780,787,793,790,791,796,798,800,813,814,817,824,836,836,840,847,853,856,858,867,870,875,877,887,891,892,894,910,913,917,919,922,929,934,941,943,957,950,949,951,955,960,971,973,978,983,988,989,989,992,992,998,996,994,996,
996
